# Wed 23:53:55 18-Dec-2024
begin	rectify1_ftn_blue
	task	fitcoords
	axis	1
	units	
	surface	26
		2.
		3.
		6.
		1.
		1.
		1669.
		1.
		84.99999999999999
		4551.942210451612
		1437.429781844866
		16.47341058531767
		9.401258151625618
		-2.571971420634763
		-1.496909247775027
		-0.6667387842652953
		-0.7229494926490316
		0.1507104736173011
		-0.9886920053152895
		2.725852652295632
		-1.603160315811765
		-0.9053876513710819
		1.109107719218593
		-0.06638913081674459
		-0.5606348637762765
		0.6404842859378266
		0.05715773537200202
