# Wed 05:59:00 18-Dec-2024
begin	rectify_ftn_red
	task	fitcoords
	axis	2
	units	
	surface	32
		2.
		6.
		4.
		1.
		1.
		1801.
		1.
		351.
		144.5504766719598
		-92.60640456563015
		-47.39501547605949
		11.64089358124944
		-2.905741650073879
		0.8602438041766821
		174.822992595253
		-1.351101156040682
		-2.852236918587303
		-1.282765433560146
		-1.258136101909929
		-1.484890635257173
		0.5260114675379436
		0.9395425068798761
		0.755431303881108
		2.08620639215728
		0.9909946244592889
		-0.5367286330464332
		-0.006074866893208026
		-0.4797012158945616
		-1.168492593223509
		-0.1900276236191495
		-0.0158716776876328
		-0.255894989434803
