# Wed 21:41:55 18-Dec-2024
begin	rectify_ftn_blue
	task	fitcoords
	axis	2
	units	
	surface	26
		2.
		6.
		3.
		1.
		1.
		1669.
		1.
		187.
		516.0541706110477
		40.73558392821768
		-56.18004699523018
		25.53367349745775
		5.623137018808587
		23.19687015891401
		82.16649097312114
		-32.39977969126978
		-48.45487415108091
		-116.13928051261
		-22.38963824382483
		0.6635811650180342
		19.63755975305441
		79.93052926131215
		33.76882591641744
		2.203165454886749
		-0.3561609606422923
		-0.1586677023074463
