# Wed 23:28:42 18-Dec-2024
begin	rectify1_ftn_red
	task	fitcoords
	axis	1
	units	
	surface	26
		2.
		3.
		6.
		1.
		1.
		1792.
		1.
		101.
		7882.473322615874
		3121.647792669655
		12.89625248383764
		23.79766775674674
		0.5673725989086553
		-0.002787482200710768
		-0.5885656455366852
		0.2969205963345753
		-0.5294875867521695
		-0.813404405554986
		0.7610459500739751
		-0.3742289190127372
		-0.7451955134495672
		0.5218613852425824
		-0.5539030422501521
		-0.8032007079004936
		0.682525551651237
		-0.2574609564123525
