# Tue 22:50:07 14-May-2013
begin	rectify1_fts_red
	task	fitcoords
	axis	1
	units	angstroms
	surface	26
		2.
		6.
		3.
		1.
		1.
		1799.
		1.
		90.
		7873.776257870506
		3144.010767023361
		24.16933613128699
		11.1786175331822
		7.194144631170848
		5.022853501583442
		27.24886967443985
		14.21788502338947
		16.64073140340455
		18.49075753513392
		10.45514116370624
		7.268882066697536
		-1.086382732236653
		-5.479676238096758
		-6.106356321105655
		-6.975179293204925
		-4.113302930787973
		-2.986652878005628
