# Tue 22:50:39 14-May-2013
begin	rectify1_fts_blue
	task	fitcoords
	axis	1
	units	angstroms
	surface	26
		2.
		6.
		3.
		1.
		1.
		1668.
		1.
		95.99999999999999
		4547.013544385213
		1420.407409623843
		35.56528345699409
		-20.12181476517879
		13.51458018182382
		-18.44120901146569
		4.199792977645068
		33.67167824492669
		-40.58149966796257
		36.87755633511135
		-24.71954157121956
		33.63580157266805
		4.611455712135986
		-19.57054264351191
		23.88565959644534
		-20.71829654357981
		14.56059711253505
		-19.64205274436401
