# Thu 19:25:36 25-Jul-2013
begin	rectify_ftn_blue
	task	fitcoords
	axis	2
	units	angstroms
	surface	44
		2.
		9.
		4.
		1.
		1.
		1669.
		1.
		187.
		169.7389040674972
		-10.9115902521553
		-79.65859445970375
		11.7646397330051
		0.4520831757621953
		4.173816832049081
		-4.239410617506872
		-1.218666398537595
		2.064685830158826
		93.96606561846594
		2.890349811186579
		-3.88270944429558
		-6.524226750124652
		6.803960406535198
		5.335291617945054
		-6.049583151045785
		-1.801791588357188
		2.385261698990201
		0.8276086341233156
		2.672894172594939
		-3.464881802619052
		-6.047200344468128
		6.178936703725906
		4.974395636067755
		-5.580971775651322
		-1.668533356495881
		2.228927220622965
		0.7020499420120884
		1.076011423826777
		-2.175225010868286
		-2.413076444087852
		3.238172499414026
		1.933073413367616
		-2.646653592265224
		-0.6409730609974594
		0.954724794486411
