# Thu 19:24:37 25-Jul-2013
begin	rectify_ftn_red
	task	fitcoords
	axis	2
	units	angstroms
	surface	32
		2.
		6.
		4.
		1.
		1.
		1800.
		1.
		350.
		139.4748332524349
		-92.51149887253884
		-43.39696569836155
		13.745115622777
		-1.229514917224997
		2.02683609378432
		174.4008468079444
		-0.2426335818033569
		-0.26316645913157
		-0.1762849350621502
		-0.06906278934894144
		0.001942897125114064
		0.3346383545518397
		0.8499441915805087
		0.9773058497337736
		0.7860109032083749
		0.4157808319034322
		0.1394665625976269
		0.007440267710115117
		0.03068929740385799
		0.06561041846825089
		0.1022899225511934
		0.09709012314843635
		0.07166586301541587
# Thu 19:25:04 25-Jul-2013
begin	rectify_ftn_red
	task	fitcoords
	axis	2
	units	angstroms
	surface	32
		2.
		6.
		4.
		1.
		1.
		1800.
		1.
		350.
		139.4805485356365
		-92.49660338629443
		-43.37955729829749
		13.75914628887947
		-1.221675958155182
		2.029658601380511
		174.390500656691
		-0.2688430912055427
		-0.2939111028553064
		-0.1996735483836292
		-0.08191305602193949
		-0.001493073264513069
		0.362456269475011
		0.9204198455392507
		1.060003240941433
		0.8510987345853655
		0.450384765718857
		0.1498457024684809
		-0.02062183772432684
		-0.04123362809257461
		-0.01961283772525349
		0.03470332915802864
		0.06012906062606227
		0.05905083643638907
