# Thu 19:55:01 25-Jul-2013
begin	rectify_fts_blue
	task	fitcoords
	axis	2
	units	angstroms
	surface	44
		2.
		9.
		4.
		1.
		1.
		1669.
		1.
		187.
		171.6952274756064
		-7.529828890604514
		-85.70305235820729
		7.151506827501662
		8.886054057526507
		6.490756548659132
		-9.483108788555599
		-2.579423262690831
		3.899917733541269
		100.4464274991912
		4.873060699411044
		-18.42097429516625
		-10.9605672148094
		21.04196350539396
		8.938819350014638
		-14.73098174377377
		-3.013086419044851
		5.02886433897996
		6.867650021840267
		4.401141604843761
		-16.94591715378739
		-9.913393359372328
		19.31610283423421
		8.093059532174326
		-13.54137452068437
		-2.711333397111132
		4.633257222483849
		3.569742561856191
		1.719646331382975
		-8.485209041704255
		-3.838628718865217
		9.169612571076983
		3.086169793456543
		-6.088460820226456
		-1.024223312287197
		1.928013157143361
