# Thu 19:54:14 25-Jul-2013
begin	rectify_fts_red
	task	fitcoords
	axis	2
	units	angstroms
	surface	32
		2.
		6.
		4.
		1.
		1.
		1800.
		1.
		350.
		143.9209009724821
		-89.00007261640835
		-46.31899284349058
		11.32110232233241
		-2.944849772095517
		1.217355360421744
		173.4668174375261
		-2.727043821643218
		-3.398774443662875
		-2.932717188538227
		-1.875072203286553
		-0.7777058103175623
		0.8230880625926515
		2.127344842306106
		2.607717343126629
		2.275309349301965
		1.327686709759534
		0.4573507132594151
		-0.7619703640606964
		-2.039003399199449
		-2.551106558499544
		-2.19029242491046
		-1.426475941425312
		-0.6351321643018811
